0.000000	2.527145497781318E-5
0.020000	2.527145497781318E-5
0.040000	9.981577461193241E-5
0.060000	9.981577461193241E-5
0.080000	2.210525011415843E-4
0.100000	2.210525011415843E-4
0.120000	3.855858469165541E-4
0.140000	3.855858469165541E-4
0.160000	5.893384421585727E-4
0.180000	5.893384421585727E-4
0.200000	8.277112864174458E-4
0.220000	8.277112864174461E-4
0.240000	0.001095761231262071
0.260000	0.0010957612312620707
0.280000	0.001388386561793348
0.300000	0.0013883865617933483
0.320000	0.0017005110460944618
0.340000	0.0017005110460944618
0.360000	0.002027257185074655
0.380000	0.0020272571850746554
0.400000	0.002364100285855713
0.420000	0.0023641002858557137
0.440000	0.002706996333507918
0.460000	0.0027069963335079176
0.480000	0.003052478355115874
0.500000	0.003052478355115874
0.520000	0.003397717942854118
0.540000	0.0033977179428541183
0.560000	0.003740550702151567
0.580000	0.0037405507021515665
0.600000	0.004079466485828872
0.620000	0.004079466485828873
0.640000	0.004413567238004705
0.660000	0.0044135672380047055
0.680000	0.004742496987284973
0.700000	0.004742496987284973
0.720000	0.005066349900995622
0.740000	0.005066349900995622
0.760000	0.005385563269351081
0.780000	0.0053855632693510826
0.800000	0.005700802787316852
0.820000	0.005700802787316853
0.840000	0.006012847529768847
0.860000	0.006012847529768846
0.880000	0.006322481589876044
0.900000	0.006322481589876045
0.920000	0.006630398517088008
0.940000	0.006630398517088009
0.960000	0.00693712351961501
0.980000	0.00693712351961501
1.000000	0.007242956975674679
1.020000	0.007242956975674677
1.040000	0.007547941229360482
1.060000	0.007547941229360484
1.080000	0.007851851037517047
1.100000	0.007851851037517047
1.120000	0.008154206488515102
1.140000	0.008154206488515099
1.159999	0.008454305828791779
1.179999	0.008454305828791779
1.199999	0.00875127449039656
1.219999	0.00875127449039656
1.239999	0.009044125775105032
1.259999	0.009044125775105032
1.279999	0.009331828157714876
1.299999	0.009331828157714876
1.319999	0.009613374038209695
1.339999	0.009613374038209697
1.359999	0.009887844990329867
1.379999	0.009887844990329865
1.399999	0.010154469090582366
1.419999	0.010154469090582366
1.439999	0.010412666714904786
1.459999	0.010412666714904786
1.479999	0.010662082192629164
1.499999	0.010662082192629164
1.519999	0.010902599831339836
1.539999	0.010902599831339836
1.559999	0.011134343989358994
1.579999	0.011134343989358992
1.599999	0.011357663993791173
1.619999	0.011357663993791173
1.639999	0.011573105706846373
1.659999	0.011573105706846375
1.679999	0.011781372368544629
1.699999	0.011781372368544627
1.719999	0.011983277942177857
1.739999	0.01198327794217786
1.759999	0.012179696530271886
1.779999	0.012179696530271886
1.799999	0.012371511502636323
1.819999	0.012371511502636323
1.839999	0.012559567792876479
1.859999	0.01255956779287648
1.879999	0.012744630401580226
1.899999	0.012744630401580222
1.919999	0.012927351534451296
1.939999	0.01292735153445129
1.959999	0.01310824805462086
1.979999	0.01310824805462086
1.999999	0.013287690100224804
2.019999	0.0132876901002248
2.039999	0.013465900873852079
2.059999	0.01346590087385208
2.079999	0.013642966810638356
2.099999	0.013642966810638353
2.119999	0.013818856631570772
2.139999	0.013818856631570769
2.159999	0.01399344723330453
2.179999	0.01399344723330453
2.199999	0.014166553988331903
2.219999	0.014166553988331903
2.239999	0.0143379628482898
2.259999	0.0143379628482898
2.279999	0.014507461662167863
2.299999	0.014507461662167863
2.319999	0.014674868329219846
2.339998	0.014674868329219852
2.359998	0.014840053779339911
2.379998	0.014840053779339913
2.399998	0.015002958276520954
2.419998	0.015002958276520954
2.439998	0.015163600130849877
2.459998	0.015163600130849879
2.479998	0.015322076533954978
2.499998	0.015322076533954981
2.519998	0.015478556853704983
2.539998	0.015478556853704984
2.559998	0.01563326929078528
2.579998	0.015633269290785283
2.599998	0.015786482272958875
2.619998	0.015786482272958875
2.639998	0.015938482311329223
2.659998	0.015938482311329223
2.679998	0.016089550246201716
2.699998	0.01608955024620172
2.719998	0.016239937859180896
2.739998	0.016239937859180896
2.759998	0.016389846725691628
2.779998	0.016389846725691628
2.799998	0.016539410942001186
2.819998	0.016539410942001186
2.839998	0.01668868500650403
2.859998	0.016688685006504035
2.879998	0.016837637697503044
2.899998	0.016837637697503044
2.919998	0.016986152304913547
2.939998	0.016986152304913543
2.959998	0.017134033079286695
2.979998	0.017134033079286702
2.999998	0.01728101729556094
3.019998	0.017281017295560943
3.039998	0.017426791924775514
3.059998	0.017426791924775514
3.079998	0.017571013592510308
3.099998	0.017571013592510308
3.119998	0.01771333029823131
3.139998	0.01771333029823131
3.159998	0.01785340328627213
3.179998	0.01785340328627213
3.199998	0.01799092749869117
3.219998	0.01799092749869116
3.239998	0.01812564919531004
3.259998	0.018125649195310036
3.279998	0.01825737958112899
3.299998	0.018257379581128986
3.319998	0.018386003613424934
3.339998	0.01838600361342493
3.359998	0.01851148354263632
3.379997	0.018511483542636313
3.399997	0.01863385714237389
3.419997	0.018633857142373894
3.439997	0.018753230973956436
3.459997	0.018753230973956432
3.479997	0.01886976938107702
3.499997	0.018869769381077015
3.519997	0.018983680195870257
3.539997	0.018983680195870253
3.559997	0.01909519833979321
3.579997	0.019095198339793215
3.599997	0.019204568609278907
3.619997	0.019204568609278907
3.639997	0.019312028942575117
3.659997	0.019312028942575117
3.679997	0.01941779537369368
3.699997	0.019417795373693675
3.719997	0.019522049702254168
3.739997	0.01952204970225417
3.759997	0.01962493066063957
3.779997	0.01962493066063957
3.799997	0.019726529063387344
3.819997	0.01972652906338734
3.839997	0.01982688710218099
3.859997	0.01982688710218099
3.879997	0.019926001628265626
3.899997	0.019926001628265626
3.919997	0.02002383096681362
3.939997	0.02002383096681362
3.959997	0.02012030455625742
3.979997	0.020120304556257414
3.999997	0.02021533451725028
4.019997	0.02021533451725028
4.039997	0.02030882814271071
4.059997	0.020308828142710705
4.079997	0.02040070026828036
4.099997	0.02040070026828036
4.119997	0.020490884531075233
4.139997	0.02049088453107523
4.159997	0.020579342647357952
4.179997	0.020579342647357956
4.199997	0.020666071024831676
4.219997	0.020666071024831676
4.239997	0.020751104256461372
4.259997	0.020751104256461376
4.279997	0.020834515300917556
4.299997	0.02083451530091756
4.319997	0.02091641241935347
4.339997	0.020916412419353478
4.359997	0.020996933188887946
4.379997	0.020996933188887942
4.399997	0.021076236131223988
4.419997	0.021076236131223988
4.439997	0.02115449066470329
4.459997	0.021154490664703287
4.479997	0.021231866198359907
4.499997	0.02123186619835991
4.519997	0.021308521230658604
4.539997	0.02130852123065861
4.559997	0.021384593292285863
4.579997	0.021384593292285863
4.599997	0.02146019048546479
4.619997	0.021460190485464804
4.639997	0.021535385230370477
4.659997	0.021535385230370473
4.679996	0.021610210644820046
4.699996	0.021610210644820042
4.719996	0.021684659771839733
4.739996	0.02168465977183973
4.759996	0.02175868764791619
4.779996	0.02175868764791619
4.799996	0.0218322159899108
4.819996	0.021832215989910798
4.839996	0.021905140086915093
4.859996	0.02190514008691509
4.879996	0.02197733732865211
4.899996	0.02197733732865211
4.919996	0.022048676695060904
4.939996	0.022048676695060908
4.959996	0.02211902847916104
4.979996	0.02211902847916104
4.999996	0.0221882735195735
5.019996	0.0221882735195735
5.039996	0.022256311278160173
5.059996	0.02225631127816017
5.079996	0.02232306620602546
5.099996	0.022323066206025463
5.119996	0.022388491987953663
5.139996	0.02238849198795366
5.159996	0.022452573428906563
5.179996	0.022452573428906563
5.199996	0.022515325932474402
5.219996	0.022515325932474402
5.239996	0.022576792705595615
5.259996	0.02257679270559561
5.279996	0.022637039992441595
5.299996	0.02263703999244159
5.319996	0.022696150780716785
5.339996	0.02269615078071678
5.359996	0.02275421752587584
5.379996	0.022754217525875833
5.399996	0.022811334496221646
5.419996	0.022811334496221646
5.439996	0.0228675903514412
5.459996	0.022867590351441206
5.479996	0.022923061529513518
5.499996	0.022923061529513525
5.519996	0.022977806936328612
5.539996	0.022977806936328615
5.559996	0.023031864316178992
5.579996	0.023031864316178992
5.599996	0.023085248539429504
5.619996	0.023085248539429507
5.639996	0.02313795188771504
5.659996	0.023137951887715034
5.679996	0.023189946259291282
5.699996	0.023189946259291282
5.719995	0.023241187069789445
5.739995	0.023241187069789445
5.759995	0.02329161849759587
5.779995	0.02329161849759587
5.799995	0.023341179627446813
5.819995	0.023341179627446813
5.839995	0.023389810987085015
5.859995	0.023389810987085015
5.879995	0.02343746095345535
5.899995	0.02343746095345535
5.919995	0.0234840915272344
5.939995	0.023484091527234394
5.959995	0.023529683034687828
5.979995	0.023529683034687828
5.999995	0.023574237408308347
6.019995	0.023574237408308354
6.039995	0.023617779814474497
6.059995	0.0236177798144745
6.079995	0.0236603585279111
6.099995	0.023660358527911103
6.119995	0.023702043088584326
6.139995	0.02370204308858433
6.159995	0.023742920906339258
6.179995	0.023742920906339258
6.199995	0.02378309259234828
6.219995	0.023783092592348277
6.239995	0.023822666386031165
6.259995	0.023822666386031165
6.279995	0.023861752105338054
6.299995	0.023861752105338044
6.319995	0.023900455073453095
6.339995	0.023900455073453092
6.359995	0.023938870465072516
6.379995	0.023938870465072513
6.399995	0.023977078472138594
6.419995	0.02397707847213859
6.439995	0.024015140616471357
6.459995	0.024015140616471357
6.479995	0.024053097441455278
6.499995	0.024053097441455278
6.519995	0.024090967704696868
6.539995	0.02409096770469687
6.559995	0.024128749077199377
6.579995	0.02412874907719937
6.599995	0.024166420241155038
6.619995	0.02416642024115504
6.639995	0.02420394417652193
6.659995	0.02420394417652193
6.679995	0.024241272343606932
6.699995	0.024241272343606932
6.719995	0.024278349410739145
6.739995	0.024278349410739142
6.759995	0.024315118146555896
6.779994	0.024315118146555893
6.799994	0.0243515240969102
6.819994	0.0243515240969102
6.839994	0.02438751969607677
6.859994	0.02438751969607677
6.879994	0.024423067517701114
6.899994	0.024423067517701125
6.919994	0.024458142447798176
6.939994	0.02445814244779817
6.959994	0.02449273265357356
6.979994	0.024492732653573566
6.999994	0.02452683932046798
7.019994	0.02452683932046798
7.039994	0.02456047522781625
7.059994	0.02456047522781625
7.079994	0.024593662323319686
7.099994	0.024593662323319686
7.119994	0.02462642853143068
7.139994	0.024626428531430683
7.159994	0.024658804085338618
7.179994	0.024658804085338625
7.199994	0.024690817702821357
7.219994	0.024690817702821354
7.239994	0.024722492931026446
7.259994	0.024722492931026446
7.279994	0.024753844964536326
7.299994	0.02475384496453633
7.319994	0.02478487819707517
7.339994	0.02478487819707517
7.359994	0.024815584703896606
7.379994	0.024815584703896595
7.399994	0.02484594377459744
7.419994	0.024845943774597434
7.439994	0.024875922531139013
7.459994	0.024875922531139003
7.479994	0.024905477579952304
7.499994	0.02490547757995229
7.519994	0.024934557566812968
7.539994	0.024934557566812968
7.559994	0.024963106434739913
7.579994	0.024963106434739913
7.599994	0.024991067133506285
7.619994	0.024991067133506288
7.639994	0.025018385498050084
7.659994	0.025018385498050084
7.679994	0.025045014004082496
7.699994	0.025045014004082492
7.719994	0.025070915122710934
7.739994	0.025070915122710927
7.759994	0.025096064030379676
7.779994	0.025096064030379665
7.799994	0.025120450482775756
7.819993	0.025120450482775756
7.839993	0.02514407972714775
7.859993	0.025144079727147755
7.879993	0.025166972401407972
7.899993	0.02516697240140797
7.919993	0.025189163444608264
7.939993	0.025189163444608264
7.959993	0.025210700116029845
7.979993	0.025210700116029838
7.999993	0.025231639283758718
8.019994	0.02523163928375871
8.039994	0.02525204419359454
8.059995	0.02525204419359454
8.079995	0.02527198096198889
8.099996	0.02527198096198889
8.119996	0.02529151505034294
8.139997	0.025291515050342935
8.159997	0.025310707971854526
8.179997	0.025310707971854526
8.199998	0.025329614457149346
8.219998	0.025329614457149346
8.239999	0.025348280263543445
8.259999	0.025348280263543445
8.280000	0.02536674075854003
8.300000	0.025366740758540028
8.320001	0.025385020345534408
8.340001	0.02538502034553441
8.360002	0.02540313273369756
8.380002	0.02540313273369756
8.400002	0.02542108198976121
8.420003	0.025421081989761205
8.440003	0.025438864251821788
8.460004	0.025438864251821788
8.480004	0.025456469938554292
8.500005	0.02545646993855429
8.520005	0.025473886254689323
8.540006	0.02547388625468932
8.560006	0.02549109977738639
8.580007	0.025491099777386395
8.600007	0.02550809890906092
8.620008	0.025508098909060917
8.640008	0.025524875999772628
8.660008	0.025524875999772625
8.680009	0.02554142897468025
8.700009	0.025541428974680244
8.720010	0.025557762346425043
8.740010	0.025557762346425043
8.760011	0.02557388754489278
8.780011	0.025573887544892777
8.800012	0.025589822553337478
8.820012	0.02558982255333748
8.840013	0.02560559089585052
8.860013	0.025605590895850527
8.880013	0.025621220072295555
8.900014	0.025621220072295555
8.920014	0.02563673957923945
8.940015	0.025636739579239443
8.960015	0.025652178686010874
8.980016	0.025652178686010867
9.000016	0.02566756415169473
9.020017	0.025667564151694727
9.040017	0.025682918070644347
9.060018	0.02568291807064434
9.080018	0.025698256021152534
9.100019	0.025698256021152537
9.120019	0.02571358566558927
9.140019	0.025713585665589265
9.160020	0.025728905912916517
9.180020	0.02572890591291652
9.200021	0.025744206709158234
9.220021	0.025744206709158224
9.240022	0.02575946947180772
9.260022	0.025759469471807715
9.280023	0.025774668134220604
9.300023	0.025774668134220594
9.320024	0.025789770719626376
9.340024	0.025789770719626372
9.360024	0.025804741325005844
9.380025	0.025804741325005848
9.400025	0.025819542365612784
9.420026	0.025819542365612774
9.440026	0.025834136913430665
9.460027	0.025834136913430658
9.480027	0.02584849095844423
9.500028	0.02584849095844423
9.520028	0.025862575430340266
9.540029	0.025862575430340273
9.560029	0.025876367839187574
9.580029	0.02587636783918757
9.600030	0.02588985342491807
9.620030	0.025889853424918063
9.640031	0.025903025744430472
9.660031	0.02590302574443048
9.680032	0.02591588666870593
9.700032	0.025915886668705927
9.720033	0.025928445807036734
9.740033	0.025928445807036734
9.760034	0.025940719417873473
9.780034	0.025940719417873473
9.800035	0.025952728902704836
9.820035	0.02595272890270483
9.840035	0.025964499008097296
9.860036	0.0259644990080973
9.880036	0.025976055879530693
9.900037	0.02597605587953069
9.920037	0.02598742511778483
9.940038	0.02598742511778483
9.960038	0.025998629984086107
9.980039	0.025998629984086096
10.000039	0.026009689884627568
10.020040	0.026009689884627565
10.040040	0.02602061923988698
10.060040	0.026020619239886966
10.080041	0.026031426811546878
10.100041	0.026031426811546878
10.120042	0.026042115522442916
10.140042	0.026042115522442923
10.160043	0.02605268276582346
10.180043	0.02605268276582346
10.200044	0.02606312116234045
10.220044	0.026063121162340455
10.240045	0.026073419689499444
10.260045	0.02607341968949945
10.280046	0.026083565081267853
10.300046	0.026083565081267857
10.320046	0.026093543377106274
10.340047	0.026093543377106277
10.360047	0.026103341491068428
10.380048	0.02610334149106842
10.400048	0.02611294867324942
10.420049	0.02611294867324942
10.440049	0.026122357747388657
10.460050	0.026122357747388653
10.480050	0.026131566028732678
10.500051	0.02613156602873269
10.520051	0.02614057585357188
10.540051	0.026140575853571876
10.560052	0.026149394683906542
10.580052	0.02614939468390655
10.600053	0.026158034784894674
10.620053	0.026158034784894674
10.640054	0.02616651250638419
10.660054	0.026166512506384205
10.680055	0.026174847230352846
10.700055	0.026174847230352835
10.720056	0.02618306007116343
10.740056	0.026183060071163437
10.760056	0.026191172433376483
10.780057	0.026191172433376483
10.800057	0.026199204541211343
10.820058	0.026199204541211343
10.840058	0.02620717405407199
10.860059	0.026207174054071997
10.880059	0.026215094874013252
10.900060	0.02621509487401325
10.920060	0.026222976234464457
10.940061	0.026222976234464446
10.960061	0.02623082213639297
10.980062	0.026230822136392967
11.000062	0.026238631170300765
11.020062	0.026238631170300758
11.040063	0.026246396732244253
11.060063	0.026246396732244246
11.080064	0.026254107611825516
11.100064	0.026254107611825516
11.120065	0.026261748902158294
11.140065	0.026261748902158294
11.160066	0.026269303158262893
11.180066	0.02626930315826289
11.200067	0.026276751712917542
11.220067	0.026276751712917545
11.240067	0.026284076048899974
11.260068	0.02628407604889997
11.280068	0.0262912591244154
11.300069	0.0262912591244154
11.320069	0.026298286554324996
11.340070	0.026298286554324996
11.360070	0.02630514756294094
11.380071	0.026305147562940938
11.400071	0.026311835643479956
11.420072	0.02631183564347996
11.440072	0.026318348883140098
11.460073	0.026318348883140098
11.480073	0.026324689939258128
11.500073	0.02632468993925813
11.520074	0.026330865679016203
11.540074	0.02633086567901621
11.560075	0.026336886520609906
11.580075	0.02633688652060991
11.600076	0.026342765535736418
11.620076	0.02634276553573641
11.640077	0.02634851739009942
11.660077	0.02634851739009942
11.680078	0.026354157209165733
11.700078	0.02635415720916573
11.720078	0.026359699459975242
11.740079	0.02635969945997524
11.760079	0.026365156936272324
11.780080	0.026365156936272324
11.800080	0.026370539924020758
11.820081	0.026370539924020754
11.840081	0.026375855608418396
11.860082	0.026375855608418392
11.880082	0.02638110776319165
11.900083	0.02638110776319165
11.920083	0.02638629673989474
11.940084	0.026386296739894736
11.960084	0.02639141975099728
11.980084	0.026391419750997278
12.000085	0.026396471417590564
12.020085	0.026396471417590568
12.040086	0.026401444532329767
12.060086	0.026401444532329763
12.080087	0.026406330972262516
12.100087	0.02640633097226251
12.120088	0.02641112268562214
12.140088	0.026411122685622134
12.160089	0.02641581267219369
12.180089	0.026415812672193693
12.200089	0.026420395878714437
12.220090	0.026420395878714434
12.240090	0.02642486993867758
12.260091	0.026424869938677584
12.280091	0.02642923569913811
12.300092	0.026429235699138107
12.320092	0.02643349749454325
12.340093	0.026433497494543254
12.360093	0.026437663147802482
12.380094	0.026437663147802482
12.400094	0.02644174370015796
12.420094	0.026441743700157963
12.440095	0.026445752892251206
12.460095	0.02644575289225122
12.480096	0.026449706437508408
12.500096	0.0264497064375084
12.520097	0.026453621144185018
12.540097	0.026453621144185008
12.560098	0.026457513953023436
12.580098	0.026457513953023433
12.600099	0.02646140096275489
12.620099	0.02646140096275489
12.640100	0.02646529651532693
12.660100	0.02646529651532693
12.680100	0.026469212406898684
12.700101	0.02646921240689868
12.720101	0.026473157279877826
12.740102	0.026473157279877833
12.760102	0.026477136236509397
12.780103	0.026477136236509397
12.800103	0.02648115069697786
12.820104	0.02648115069697785
12.840104	0.02648519850606408
12.860105	0.02648519850606408
12.880105	0.026489274273584044
12.900105	0.026489274273584038
12.920106	0.026493369916575582
12.940106	0.026493369916575586
12.960107	0.026497475356782388
12.980107	0.02649747535678239
13.000108	0.026501579316462468
13.020108	0.026501579316462468
13.040109	0.026505670149642585
13.060109	0.02650567014964259
13.080110	0.026509736645008986
13.100110	0.02650973664500899
13.120111	0.02651376874062723
13.140111	0.02651376874062722
13.160111	0.02651775809920615
13.180112	0.026517758099206142
13.200112	0.026521698504903986
13.220113	0.026521698504903983
13.240113	0.02652558605768839
13.260114	0.026525586057688382
13.280114	0.02652941915778387
13.300115	0.026529419157783864
13.320115	0.0265331982894595
13.340116	0.026533198289459495
13.360116	0.02653692562902669
13.380116	0.026536925629026688
13.400117	0.02654060451524052
13.420117	0.026540604515240523
13.440118	0.026544238830347268
13.460118	0.026544238830347264
13.480119	0.02654783234607778
13.500119	0.02654783234607778
13.520120	0.026551388090565467
13.540120	0.026551388090565467
13.560121	0.026554907789424254
13.580121	0.02655490778942424
13.600121	0.026558391427357404
13.620122	0.02655839142735741
13.640122	0.0265618369662968
13.660123	0.026561836966296798
13.680123	0.026565240243064704
13.700124	0.026565240243064718
13.720124	0.026568595054970078
13.740125	0.02656859505497007
13.760125	0.026571893426755686
13.780126	0.026571893426755686
13.800126	0.026575126038074263
13.820127	0.026575126038074243
13.840127	0.02657828277828158
13.860127	0.026578282778281573
13.880128	0.02658135338571346
13.900128	0.02658135338571346
13.920129	0.02658432812246283
13.940129	0.026584328122462825
13.960130	0.02658719843339858
13.980130	0.026587198433398566
14.000131	0.026589957539882463
14.020131	0.026589957539882456
14.040132	0.026592600924132632
14.060132	0.026592600924132622
14.080132	0.026595126668970234
14.100133	0.026595126668970223
14.120133	0.02659753562902332
14.140134	0.026597535629023308
14.160134	0.026599831422440733
14.180135	0.026599831422440726
14.200135	0.0266020202457548
14.220136	0.02660202024575479
14.240136	0.026604110527674345
14.260137	0.026604110527674335
14.280137	0.026606112449289555
14.300138	0.026606112449289572
14.320138	0.026608037367557957
14.340138	0.02660803736755794
14.360139	0.026609897185342127
14.380139	0.02660989718534211
14.400140	0.026611703714257848
14.420140	0.026611703714257823
14.440141	0.026613468075998886
14.460141	0.026613468075998865
14.480142	0.02661520018375907
14.500142	0.02661520018375904
14.520143	0.02661690833825062
14.540143	0.02661690833825061
14.560143	0.026618598963231196
14.580144	0.026618598963231172
14.600144	0.02662027649419225
14.620145	0.026620276494192234
14.640145	0.02662194342182587
14.660146	0.02662194342182584
14.680146	0.02662360048001952
14.700147	0.026623600480019504
14.720147	0.026625246957339397
14.740148	0.026625246957339387
14.760148	0.026626881102058214
14.780149	0.026626881102058204
14.800149	0.02662850058441196
14.820149	0.02662850058441192
14.840150	0.026630102976364593
14.860150	0.02663010297636456
14.880151	0.026631686208925247
14.900151	0.02663168620892521
14.920152	0.02663324896994037
14.940152	0.02663324896994034
14.960153	0.0266347910109944
14.980153	0.026634791010994356
15.000154	0.026636313340082356
15.020154	0.026636313340082315
15.040154	0.02663781828640494
15.060155	0.026637818286404887
15.080155	0.026639309434185725
15.100156	0.026639309434185656
15.120156	0.02664079143298893
15.140157	0.02664079143298887
15.160157	0.026642269701797627
15.180158	0.026642269701797547
15.200158	0.02664375005235358
15.220159	0.026643750052353497
15.240159	0.0266452382633473
15.260159	0.02664523826334723
15.280160	0.026646739640548426
15.300160	0.026646739640548343
15.320161	0.02664825859865985
15.340161	0.02664825859865974
15.360162	0.026649798298557455
15.380162	0.026649798298557372
15.400163	0.026651360368862797
15.420163	0.0266513603688627
15.440164	0.026652944733895016
15.460164	0.026652944733894873
15.480165	0.026654549561539904
15.500165	0.02665454956153977
15.520165	0.026656171335142625
15.540166	0.02665617133514248
15.560166	0.026657805043924704
15.580167	0.026657805043924544
15.600167	0.026659444477390434
15.620168	0.02665944447739025
15.640168	0.026661082601411933
15.660169	0.026661082601411732
15.680169	0.026662711987742994
15.700170	0.02666271198774279
15.720170	0.02666432526503637
15.740170	0.026664325265036128
15.760171	0.02666591555826921
15.780171	0.026665915558268968
15.800172	0.026667476884863626
15.820172	0.026667476884863366
15.840173	0.026669004479569994
15.860173	0.026669004479569717
15.880174	0.026670495026027207
15.900174	0.026670495026026895
15.920175	0.02667194678033624
15.940175	0.026671946780335878
15.960176	0.026673359580386417
15.980176	0.026673359580386077
16.000175	0.026674734743387857
16.020176	0.02667473474338746
16.040176	0.026676074862418783
16.060177	0.02667607486241837
16.080177	0.026677383520157052
16.100178	0.02667738352015659
16.120178	0.026678664943782415
16.140179	0.026678664943781915
16.160179	0.02667992362889884
16.180180	0.026679923628898282
16.200180	0.02668116396197281
16.220181	0.026681163961972197
16.240181	0.02668238987013444
16.260181	0.026682389870133806
16.280182	0.02668360452433918
16.300182	0.0266836045243385
16.320183	0.02668481011710328
16.340183	0.02668481011710255
16.360184	0.02668600772971569
16.380184	0.026686007729714887
16.400185	0.026687197296508654
16.420185	0.026687197296507783
16.440186	0.026688377666026306
16.460186	0.02668837766602533
16.480186	0.026689546751371293
16.500187	0.02668954675137027
16.520187	0.02669070175521447
16.540188	0.026690701755213334
16.560188	0.0266918394494315
16.580189	0.026691839449430294
16.600189	0.026692956485486016
16.620190	0.026692956485484694
16.640190	0.0266940497097734
16.660191	0.026694049709771944
16.680191	0.026695116458283964
16.700191	0.026695116458282434
16.720192	0.026696154807086137
16.740192	0.026696154807084465
16.760193	0.026697163759062482
16.780193	0.026697163759060685
16.800194	0.026698143352719486
16.820194	0.02669814335271753
16.840195	0.026699094685282435
16.860195	0.026699094685280297
16.880196	0.02670001984917179
16.900196	0.026700019849169483
16.920197	0.026700921787788472
16.940197	0.026700921787785957
16.960197	0.02670180408278614
16.980198	0.026701804082783446
17.000198	0.026702670690203937
17.020199	0.026702670690201
17.040199	0.026703525646588757
17.060200	0.026703525646585596
17.080200	0.02670437276828939
17.100201	0.02670437276828594
17.120201	0.02670521536732275
17.140202	0.02670521536731904
17.160202	0.026706056005617707
17.180202	0.026706056005613675
17.200203	0.026706896306181675
17.220203	0.0267068963061773
17.240204	0.02670773683510043
17.260204	0.026707736835095704
17.280205	0.026708577062645657
17.300205	0.02670857706264053
17.320206	0.026709415405589344
17.340206	0.026709415405583792
17.360207	0.026710249346588163
17.380207	0.026710249346582168
17.400208	0.026711075620691922
17.420208	0.0267110756206854
17.440208	0.02671189045408448
17.460209	0.02671189045407742
17.480209	0.026712689836451656
17.500210	0.026712689836444023
17.520210	0.026713469806148374
17.540211	0.026713469806140103
17.560211	0.026714226726754477
17.580212	0.026714226726745526
17.600212	0.02671495753467603
17.620213	0.026714957534666323
17.640213	0.02671565994005487
17.660213	0.02671565994004436
17.680214	0.026716332567164297
17.700214	0.026716332567152914
17.720215	0.026716975025364787
17.740215	0.026716975025352467
17.760216	0.026717587907177005
17.780216	0.026717587907163654
17.800217	0.026718172715663634
17.820217	0.026718172715649153
17.840218	0.026718731728661488
17.860218	0.026718731728645796
17.880219	0.026719267812063643
17.900219	0.026719267812046657
17.920219	0.02671978419797027
17.940220	0.026719784197951856
17.960220	0.026720284245850462
17.980221	0.026720284245830537
18.000221	0.026720771205729882
18.020222	0.02672077120570828
18.040222	0.026721248001800337
18.060223	0.026721248001776936
18.080223	0.02672171705281891
18.100224	0.02672171705279359
18.120224	0.02672218014240387
18.140224	0.026722180142376446
18.160225	0.026722638348125945
18.180225	0.02672263834809622
18.200226	0.026723092033475077
18.220226	0.02672309203344288
18.240227	0.026723540901742997
18.260227	0.026723540901708146
18.280228	0.026723984105994334
18.300228	0.026723984105956566
18.320229	0.026724420404978435
18.340229	0.02672442040493753
18.360229	0.026724848351386016
18.380230	0.026724848351341698
18.400230	0.026725266496528188
18.420231	0.02672526649648018
18.440231	0.026725673594474073
18.460232	0.026725673594422093
18.480232	0.026726068788981372
18.500233	0.026726068788925056
18.520233	0.026726451768146052
18.540234	0.026726451768085066
18.560234	0.02672682287443779
18.580235	0.026726822874371736
18.600235	0.026727183161440658
18.620235	0.026727183161369145
18.640236	0.026727534392890183
18.660236	0.0267275343928127
18.680237	0.02672787898414102
18.700237	0.026727878984057096
18.720238	0.026728219890664366
18.740238	0.026728219890573456
18.760239	0.026728560452210618
18.780239	0.02672856045211216
18.800240	0.02672890420458232
18.820240	0.026728904204475667
18.840240	0.026729254673298043
18.860241	0.026729254673182525
18.880241	0.026729615164628708
18.900242	0.026729615164503555
18.920242	0.026729988569480924
18.940243	0.026729988569345366
18.960243	0.026730377194408298
18.980244	0.026730377194261506
19.000244	0.026730782631766016
19.020245	0.026730782631607
19.040245	0.026731205677878275
19.060246	0.02673120567770607
19.080246	0.026731646304322648
19.100246	0.026731646304136106
19.120247	0.026732103683348024
19.140247	0.02673210368314597
19.160248	0.02673257626435827
19.180248	0.0267325762641394
19.200249	0.02673306189462116
19.220249	0.026733061894384107
19.240250	0.026733557974190993
19.260250	0.026733557973934216
19.280251	0.02673406163269069
19.300251	0.02673406163241255
19.320251	0.026734569914254908
19.340252	0.02673456991395363
19.360252	0.026735079956668722
19.380253	0.02673507995634242
19.400253	0.026735589151549697
19.420254	0.026735589151196226
19.440254	0.026736095274228183
19.460255	0.026736095273845333
19.480255	0.02673659657462439
19.500256	0.026736596574209688
19.520256	0.026737091823677315
19.540257	0.02673709182322811
19.560257	0.026737580313489235
19.580257	0.026737580313002676
19.600258	0.026738061813020887
19.620258	0.026738061812493857
19.640259	0.026738536484623095
19.660259	0.026738536484052222
19.680260	0.026739004769655458
19.700260	0.026739004769037098
19.720261	0.02673946725370234
19.740261	0.026739467253032553
19.760262	0.026739924523288265
19.780262	0.02673992452256273
19.800262	0.02674037702642622
19.820263	0.02674037702564036
19.840263	0.026740824948790442
19.860264	0.026740824947939168
19.880264	0.026741268115845065
19.900265	0.02674126811492298
19.920265	0.026741705929018825
19.940266	0.02674170592802005
19.960266	0.026742137341173176
19.980267	0.0267421373400913
20.000267	0.026742560873407834
20.020267	0.02674256087223594
20.040268	0.02674297467193058
20.060268	0.02674297467066121
20.080269	0.02674337660055288
20.100269	0.026743376599177884
20.120270	0.02674376436159941
20.140270	0.02674376436011005
20.160271	0.026744135635848744
20.180271	0.02674413563423542
20.200272	0.026744488230709327
20.220272	0.026744488228961773
20.240273	0.026744820225282
20.260273	0.026744820223389025
20.280273	0.026745130101289295
20.300274	0.0267451300992388
20.320274	0.026745416850029593
20.340275	0.02674541684780846
20.360275	0.0267456800474307
20.380276	0.026745680045024752
20.400276	0.026745919891776212
20.420277	0.02674591988917004
20.440277	0.026746137201554145
20.460278	0.0267461371987311
20.480278	0.026746333373905536
20.500278	0.026746333370847558
20.520279	0.026746510307092946
20.540279	0.02674651030378049
20.560280	0.026746670293042462
20.580280	0.026746670289454356
20.600281	0.02674681588813971
20.620281	0.026746815884253032
20.640282	0.026746949771926588
20.660282	0.02674694976771648
20.680283	0.026747074604050295
20.700283	0.02674707459948981
20.720284	0.026747192889719638
20.740284	0.0267471928847796
20.760284	0.026747306863047455
20.780285	0.026747306857696357
20.800285	0.026747418396086204
20.820286	0.026747418390289816
20.840286	0.026747528939225516
20.860287	0.026747528932946806
20.880287	0.02674763949610006
20.900288	0.026747639489298824
20.920288	0.02674775063344339
20.940289	0.026747750626076247
20.960289	0.026747862523642963
20.980289	0.0267478625156628
21.000290	0.026747975015298103
21.020290	0.026747975006653938
21.040291	0.026748087725051932
21.060291	0.02674808771568848
21.080292	0.026748200142498863
21.100292	0.026748200132356313
21.120293	0.026748311739170545
21.140293	0.02674831172818408
21.160294	0.026748422072520747
21.180294	0.026748422060620173
21.200294	0.02674853087645535
21.220295	0.026748530863564626
21.240295	0.02674863813122705
21.260296	0.026748638117263794
21.280296	0.026748744107322933
21.300297	0.026748744092197914
21.320297	0.02674884938016482
21.340298	0.026748849363781413
21.360298	0.026748954814843403
21.380299	0.02674895479709694
21.400299	0.02674906152252136
21.420300	0.026749061503298453
21.440300	0.02674917079238628
21.460300	0.02674917077156412
21.480301	0.026749284004933305
21.500301	0.026749283982378896
21.520302	0.02674940253377363
21.540302	0.02674940250934282
21.560303	0.026749527643992153
21.580303	0.026749527617528947
21.600304	0.026749660395265603
21.620304	0.026749660366600946
21.640305	0.026749801557493166
21.660305	0.026749801526443923
21.680305	0.02674995154563579
21.700306	0.026749951512003677
21.720306	0.02675011037889689
21.740307	0.02675011034246713
21.760307	0.02675027766743644
21.780308	0.026750277627976344
21.800308	0.0267504526276502
21.820309	0.026750452584907828
21.840309	0.026750634124835318
21.860310	0.026750634078537696
21.880310	0.02675082073997585
21.900311	0.02675082068982736
21.920311	0.02675101085557579
21.940311	0.026751010801256244
21.960312	0.026751202754077812
21.980312	0.02675120269524038
22.000313	0.026751394721533636
22.020313	0.02675139465780274
22.040314	0.026751585148896334
22.060314	0.026751585079865126
22.080315	0.026751772623596702
22.100315	0.02675177254882445
22.120316	0.02675195600491572
22.140316	0.026751955923925107
22.160316	0.026752134477996688
22.180317	0.02675213439027077
22.200317	0.026752307583041788
22.220318	0.026752307488020568
22.240318	0.02675247521817416
22.260319	0.026752475115251112
22.280319	0.026752637616463147
22.300320	0.026752637504981313
22.320320	0.026752795299550058
22.340321	0.02675279517879782
22.360321	0.026752949012029282
22.380322	0.026752948881235875
22.400322	0.026753099642104
22.420322	0.026753099500434616
22.440323	0.026753248134951307
22.460323	0.02675324798150165
22.480324	0.026753395405633228
22.500324	0.02675339523942384
22.520325	0.02675354225826041
22.540325	0.026753542078230337
22.560326	0.026753689317470256
22.580326	0.026753689122470368
22.600327	0.02675383697718415
22.620327	0.026753836765969777
22.640327	0.026753985370149388
22.660328	0.026753985141372307
22.680328	0.026754134360073067
22.700329	0.026754134112273058
22.720329	0.026754283556350927
22.740330	0.026754283287946306
22.760330	0.02675443234962704
22.780331	0.026754432058904667
22.800331	0.02675457996482604
22.820332	0.026754579649930305
22.840332	0.026754725526998178
22.860332	0.026754725185919363
22.880333	0.026754868134405373
22.900333	0.026754867764966744
22.920334	0.02675500693281511
22.940334	0.02675500653265895
22.960335	0.02675514118498799
22.980335	0.026755140751560824
23.000336	0.026755270329833877
23.020336	0.02675526986037004
23.040337	0.026755394026621093
23.060337	0.02675539351812528
23.080338	0.02675551218087948
23.100338	0.026755511630107615
23.120338	0.02675562495013477
23.140339	0.026755624353573378
23.160339	0.026755732729227863
23.180340	0.026755732083071804
23.200340	0.026755836116583095
23.220341	0.02675583541671132
23.240341	0.026755935864266434
23.260342	0.026755935106215937
23.280342	0.02675603281590853
23.300343	0.026756031994845813
23.320343	0.026756127837462992
23.340343	0.02675612694815357
23.360344	0.026756221746268637
23.380344	0.026756220783043745
23.400345	0.026756315243947996
23.420345	0.026756314200668593
23.440346	0.026756408858309655
23.460346	0.02675640772832753
23.480347	0.026756502898662365
23.500347	0.026756501674777996
23.520348	0.026756597427859796
23.540348	0.026756596102276715
23.560349	0.026756692253065824
23.580349	0.02675669081734118
23.600349	0.026756786935768634
23.620350	0.02675678538075983
23.640350	0.026756880820092255
23.660351	0.02675687913589899
23.680351	0.026756973077070013
23.700352	0.02675697125297171
23.720352	0.026757062761363214
23.740353	0.026757060785751206
23.760353	0.0267571488760153
23.780354	0.02675714673631943
23.800354	0.026757230440291817
23.820354	0.02675722812290113
23.840355	0.026757306555505796
23.860355	0.026757304045682568
23.880356	0.026757376463969862
23.900356	0.02675737374575669
23.920357	0.02675743959682671
23.940357	0.02675743665294577
23.960358	0.026757495607432964
23.980358	0.026757492419177336
24.000359	0.026757544388134224
24.020359	0.026757540935250047
24.040359	0.026757586069572747
24.060360	0.02675758233013183
24.080360	0.026757621003016253
24.100361	0.026757616953278072
24.120361	0.026757649727476147
24.140362	0.026757645341738974
24.160362	0.026757672924504924
24.180363	0.026757668174944325
24.200363	0.026757691364435284
24.220364	0.026757686220929593
24.240364	0.026757705848391038
24.260365	0.02675770027833259
24.280365	0.026757717150619833
24.300365	0.02675771111871072
24.320366	0.02675772596556102
24.340366	0.026757719433592182
24.360367	0.02675773286358623
24.380367	0.02675772579019864
24.400368	0.026757738258578176
24.420368	0.02675773059900434
24.440369	0.0267577423895097
24.460369	0.026757734095294236
24.480370	0.026757745317032833
24.500370	0.0267577363357303
24.520370	0.026757746934878972
24.540371	0.026757737209727038
24.560371	0.02675774699469963
24.580372	0.02675773646426575
24.600372	0.02675774514193523
24.620373	0.02675773373973467
24.640373	0.02675774095946234
24.660374	0.02675772861354509
24.680374	0.026757734015203625
24.700375	0.026757720647707976
24.720375	0.026757723909623488
24.740376	0.026757709436293506
24.760376	0.02675771031909605
24.780376	0.02675769464875999
24.800377	0.026757693031506297
24.820377	0.026757676065513044
24.840378	0.026757671971098854
24.860378	0.026757653602708875
24.880379	0.026757647210463534
24.900379	0.026757627324191062
24.920380	0.026757618968573496
24.940380	0.02675759743947568
24.960381	0.02675758759488757
24.980381	0.02675756428779693
25.000381	0.026757553540605872
25.020382	0.026757528309301257
25.040382	0.026757517319146308
25.060383	0.02675749000545762
25.080383	0.026757479458712083
25.100384	0.026757449891554035
25.120384	0.026757440450391426
25.140385	0.026757408444720125
25.160385	0.026757400695524163
25.180386	0.026757366051211266
25.200386	0.026757360456074523
25.220387	0.026757322956692208
25.240387	0.026757319811463474
25.260387	0.026757279222973402
25.280388	0.026757278624767494
25.300388	0.02675723469410685
25.320389	0.026757236520429755
25.340389	0.02675718897398574
25.360390	0.026757192874714293
25.380390	0.026757141416679637
25.400391	0.02675714681914096
25.420391	0.026757091129740413
25.440392	0.02675709725614064
25.460392	0.026757036989719606
25.480392	0.0267570428852502
25.500393	0.02675697766821465
25.520393	0.026756982237387032
25.540394	0.02675691166598377
25.560394	0.026756913714166733
25.580395	0.026756837352092385
25.600395	0.026756835628892674
25.620396	0.026756753004718463
25.640396	0.02675674624577337
25.660397	0.02675665685017244
25.680397	0.026756643814115192
25.700397	0.026756547096877883
25.720398	0.026756526594673032
25.740398	0.026756421961495004
25.760399	0.02675639287598202
25.780399	0.02675627968500901
25.800400	0.026756240979285525
25.820400	0.026756118537397258
25.840401	0.026756069251555024
25.860401	0.026755936810369835
25.880402	0.026755876046994514
25.900402	0.02675573279857561
25.920403	0.026755659698267993
25.940403	0.02675550477051049
25.960403	0.026755418479416662
25.980404	0.026755250931093454
26.000404	0.02675515056298882
26.020405	0.02675496937843281
26.040405	0.026754853974251036
26.060406	0.026754658057649018
26.080406	0.02675452654545815
26.100407	0.026754314714731192
26.120407	0.02675416587303101
26.140408	0.026753936853274304
26.160408	0.026753769280134714
26.180408	0.026753521696589223
26.200409	0.026753333786602728
26.220409	0.02675306615712886
26.240410	0.026752856087453425
26.260410	0.02675256681447661
26.280411	0.026752332540458196
26.300411	0.026752019902354204
26.320412	0.026751759162402217
26.340412	0.02675142130428946
26.360413	0.026751131632896327
26.380413	0.026750766556800722
26.400414	0.026750445303911647
26.420414	0.02675005085826907
26.440414	0.02674969521266699
26.460415	0.026749269081127246
26.480415	0.026748876095146944
26.500416	0.026748415784642033
26.520416	0.02674798239738322
26.540417	0.026747485225422904
26.560417	0.026747008281709547
26.580418	0.02674647136286592
26.600418	0.026745947625483834
26.620419	0.026745367857027108
26.640419	0.026744794010241688
26.660419	0.026744168056889676
26.680420	0.026743540699859555
26.700420	0.026742864977603423
26.720421	0.026742180607015893
26.740421	0.026741451265986486
26.760422	0.02674070624798877
26.780422	0.026739919154328946
26.800423	0.02673910968656037
26.820423	0.026738260403271572
26.840424	0.026737382468455976
26.860424	0.026736466235189636
26.880424	0.026735515548280894
26.900425	0.026734527260049875
26.920425	0.02673349921129269
26.940426	0.02673243339608221
26.960426	0.02673132299253402
26.980427	0.026730173787797816
27.000427	0.026728975595843973
27.020428	0.026727736723878466
27.040428	0.026726444815066624
27.060429	0.02672510955726449
27.080429	0.02672371745940563
27.100430	0.026722278629400808
27.120430	0.02672077928436808
27.140430	0.026719229200095503
27.160431	0.02671761492913972
27.180431	0.026715945383847712
27.200432	0.026714207860589808
27.220432	0.026712410092858983
27.240433	0.026710540323470894
27.260433	0.02670860498631201
27.280434	0.026706593295805773
27.300434	0.02670451042493008
27.320435	0.02670234644799023
27.340435	0.026700105429370315
27.360435	0.02669777810382184
27.380436	0.02669536764068795
27.400436	0.02669286520151986
27.420437	0.026690273280967406
27.440437	0.026687583252839403
27.460438	0.026684797112257207
27.480438	0.02668190629860732
27.500439	0.02667891239217508
27.520439	0.026675806859399485
27.540440	0.026672590824943783
27.560440	0.026669255880614383
27.580441	0.026665802507159737
27.600441	0.026662222671837106
27.620441	0.02665851586823896
27.640442	0.026654674841090662
27.660442	0.026650697606192035
27.680443	0.02664657822528546
27.700443	0.026642312620098432
27.720444	0.026637896818860668
27.740444	0.026633323941338112
27.760445	0.026628592703216453
27.780445	0.026623692666247048
27.800446	0.026618625980029755
27.820446	0.026613377893360903
27.840446	0.02660795471189971
27.860447	0.02660233666876939
27.880447	0.02659653487397146
27.900448	0.026590523943306032
27.920448	0.026584320320228345
27.940449	0.02657789254534514
27.960449	0.026571262768043086
27.980450	0.026564393172874918
28.000450	0.026557311804346093
28.020451	0.026549974408285847
28.040451	0.026542414916444428
28.060452	0.0265345827589831
28.080452	0.0265265175501343
28.100452	0.026518162726538196
28.120453	0.02650956319733705
28.140453	0.026500656906674015
28.160454	0.026491493515089618
28.180454	0.026482006121965745
28.200455	0.026472248477365703
28.220455	0.026462149588773902
28.240456	0.026451766560925963
28.260456	0.026441025119625754
28.280457	0.026429984966203912
28.300457	0.026418569362048228
28.320457	0.026406839874139425
28.340458	0.026394718074729786
28.360458	0.026382266739862423
28.380459	0.026369406441844594
28.400459	0.02635620062418594
28.420460	0.026342569426387387
28.440460	0.026328576563959594
28.460461	0.026314142163409212
28.480461	0.026299329982416145
28.500462	0.026284060394069258
28.520462	0.02626839714066763
28.540462	0.02625226094137884
28.560463	0.026235715631419715
28.580463	0.026218682228351185
28.600464	0.026201224915715398
28.620464	0.026183264838936477
28.640465	0.026164866903044287
28.660465	0.02614595212155741
28.680466	0.02612658657441103
28.700466	0.02610669083422821
28.720467	0.02608633264691347
28.740467	0.026065431829098325
28.760468	0.026044058277012318
28.780468	0.026022130772796415
28.800468	0.025999721797972122
28.820469	0.025976748897148502
28.840469	0.02595328748492579
28.860470	0.025929253772724436
28.880470	0.025904726338686797
28.900471	0.025879620095251927
28.920471	0.02585401687685026
28.940472	0.025827830472284305
28.960472	0.025801145917944527
28.980473	0.025773876194676273
29.000473	0.02574610934149843
29.020473	0.025717757974501165
29.040474	0.025688912803971755
29.060474	0.025659486628135032
29.080475	0.025629572387660143
29.100475	0.025599083680450434
29.120476	0.025568115157060305
29.140476	0.02553658186354005
29.160477	0.025504579594890497
29.180477	0.025472025481265596
29.200478	0.025439015888153556
29.220478	0.025405470609352183
29.240479	0.025371486033450345
29.260479	0.025336985099879777
29.280479	0.025302063730354585
29.300480	0.025266648359017894
29.320480	0.025230834032203376
29.340481	0.025194550867873238
29.360481	0.025157892725292588
29.380482	0.02512079341852075
29.400482	0.02508334541034204
29.420483	0.025045486040816634
29.440483	0.02500730626434725
29.460484	0.024968746600572057
29.480484	0.024929896466675646
29.500484	0.0248906990562014
29.520485	0.024851242280585717
29.540485	0.02481147136911653
29.560486	0.024771472790291082
29.580486	0.02473119307293939
29.600487	0.024690717304256503
29.620487	0.02464999251801081
29.640488	0.024609102447531166
29.660488	0.02456799382057579
29.680489	0.024526748979447052
29.700489	0.024485313560229607
29.720490	0.02444376838770833
29.740490	0.024402057284425405
29.760490	0.024360259325423222
29.780491	0.024318315894676167
29.800491	0.024276303973544012
29.820492	0.02423416200502129
29.840492	0.02419196442691364
29.860493	0.02414964637874974
29.880493	0.024107279216995316
29.900494	0.02406479456354031
29.920494	0.024022260097599005
29.940495	0.02397960385727132
29.960495	0.02393688923064966
29.980495	0.023894040745854838
30.000496	0.023851116916328394
30.020496	0.023808038959624703
30.040497	0.02376486001480823
30.060497	0.023721498295094796
30.080498	0.023678001204359745
30.100498	0.02363428434340996
30.120499	0.023590389211967263
30.140499	0.023546229254743145
30.160500	0.023501840137050926
30.180500	0.023457133648634707
30.200500	0.023412139965936753
30.220501	0.02336676975345385
30.240501	0.023321048344124743
30.260502	0.023274885823734957
30.280502	0.023228303635304735
30.300503	0.02318121184242705
30.320503	0.023133629250988844
30.340504	0.02308546646685013
30.360504	0.023036741183558584
30.380505	0.02298736512360344
30.400505	0.02293735661992587
30.420506	0.022886629100524192
30.440506	0.022835203454829967
30.460506	0.022782995425230552
30.480507	0.022730030464433934
30.500507	0.022676227262398995
30.520508	0.022621617845134685
30.540508	0.022566124508672722
30.560509	0.022509787772440577
30.580509	0.02245253421815103
30.600510	0.022394414593645637
30.620510	0.022335360456030632
30.640511	0.022275434239079225
30.660511	0.022214573156326477
30.680511	0.022152852422986227
30.700512	0.022090215554565095
30.720512	0.02202675120924928
30.740513	0.02196240978029294
30.760513	0.021897293541246456
30.780514	0.0218313602288323
30.800514	0.021764725380376014
30.820515	0.021697354387704974
30.840515	0.021629375164413003
30.860516	0.02156076087020698
30.880516	0.02149165038398628
30.900517	0.021422024505249795
30.920517	0.021352031180946602
30.940517	0.02128165844601975
30.960518	0.0212110609928495
30.980518	0.021140233386250082
31.000519	0.021069334398602937
31.020519	0.0209983641067969
31.040520	0.02092748245586433
31.060520	0.020856693710639165
31.080521	0.020786155954490227
31.100521	0.020715876034535886
31.120522	0.020646007135152
31.140522	0.02057655684314267
31.160522	0.020507670530849415
31.180523	0.02043935450917266
31.200523	0.020371743674392144
31.220524	0.02030484095438035
31.240524	0.02023876847055278
31.260525	0.02017352366481268
31.280525	0.020109214052178238
31.300526	0.020045829595272235
31.320526	0.01998346192125244
31.340527	0.019922091739340335
31.360527	0.01986179411675379
31.380527	0.0198025390616732
31.400528	0.01974438505132067
31.420528	0.0196872903699199
31.440529	0.019631297520679318
31.460529	0.019576352548135802
31.480530	0.01952248321829058
31.500530	0.019469623387894226
31.520531	0.019417787889727967
31.540531	0.019366899045438257
31.560532	0.019316961045858116
31.580532	0.019267885932940133
31.600533	0.01921966993144898
31.620533	0.019172216630328955
31.640533	0.019125517227913218
31.660534	0.01907946919301255
31.680534	0.019034061767428424
31.700535	0.018989189042040524
31.720535	0.018944841362331412
31.740536	0.018900912468084275
31.760536	0.018857396719130767
31.780537	0.018814190668974412
31.800537	0.01877129531974073
31.820538	0.018728613180383533
31.840538	0.018686154120345036
31.860538	0.01864382955596918
31.880539	0.018601659944600994
31.900539	0.018559568209315414
31.920540	0.018517586533500635
31.940540	0.01847565144448565
31.960541	0.018433807356596447
31.980541	0.018392005870745014
32.000542	0.018350303482650744
32.020542	0.018308667612615525
32.040543	0.018267166043159394
32.060543	0.01822578197858125
32.080544	0.01818459308804406
32.100544	0.018143597527749925
32.120544	0.01810288091542631
32.140545	0.01806245475916197
32.160545	0.01802241024178065
32.180546	0.017982769927847853
32.200546	0.017943627849393438
32.220547	0.017905014749742387
32.240547	0.017867024589817565
32.260548	0.01782969297959246
32.280548	0.017793110821083716
32.300549	0.01775731501918505
32.320549	0.017722390501114738
32.340549	0.017688371827231566
32.360550	0.01765533524126251
32.380550	0.017623309449894382
32.400551	0.017592359636742386
32.420551	0.017562505468695998
32.440552	0.017533799133385545
32.460552	0.017506248570786677
32.480553	0.01747989156492355
32.500553	0.017454722289578548
32.520554	0.017430763308198875
32.540554	0.017407993749649252
32.560555	0.0173864207650473
32.580555	0.017366007989947557
32.600555	0.017346747601942616
32.620556	0.01732858814776836
32.640556	0.01731150787694867
32.660557	0.01729544147865553
32.680557	0.017280354874654402
32.700558	0.01726617088126961
32.720558	0.01725284517063074
32.740559	0.01724029130825851
32.760559	0.017228457174102946
32.780560	0.017217250190232132
32.800560	0.017206613166076988
32.820560	0.017196450794110207
32.840561	0.017186703672860827
32.860561	0.017177277290693446
32.880562	0.017168112901465745
32.900562	0.01715912022723124
32.920563	0.017150243919810907
32.940563	0.017141401093121834
32.960564	0.017132542293060708
32.980564	0.017123594730712833
33.000565	0.01711451698577998
33.020565	0.017105248474451107
33.040565	0.017095757501933182
33.060566	0.017085997092546247
33.080566	0.017075946451516638
33.100567	0.017065572844709397
33.120567	0.017054866991229007
33.140568	0.01704381024360354
33.160568	0.01703240487220697
33.180569	0.017020645400737038
33.200569	0.017008545124247137
33.220570	0.016996110133065425
33.240570	0.01698336369641304
33.260571	0.016970321287991624
33.280571	0.016957014642324384
33.300571	0.016943465996213065
33.320572	0.016929713670018737
33.340572	0.016915783770267406
33.360573	0.016901719058615677
33.380573	0.016887546520631635
33.400574	0.016873311067609673
33.420574	0.016859037653017966
33.440575	0.016844771023449515
33.460575	0.016830531435919897
33.480576	0.016816361259874516
33.500576	0.016802273786157337
33.520576	0.01678830701485104
33.540577	0.016774465515609557
33.560577	0.016760781253166605
33.580578	0.01674724892150261
33.600578	0.01673389319838932
33.620579	0.016720698395605117
33.640579	0.016707681132377757
33.660580	0.01669481548700291
33.680580	0.016682109768287805
33.700581	0.016669528592974797
33.720581	0.016657072238807847
33.740582	0.01664469718792765
33.760582	0.01663239648029746
33.780582	0.016620120246385983
33.800583	0.01660785555027638
33.820583	0.016595548286785645
33.840584	0.01658318120367721
33.860584	0.016570698270732192
33.880585	0.01655807988375962
33.900585	0.01654527044752119
33.920586	0.0165322501652674
33.940586	0.01651896614326209
33.960587	0.016505400625876816
33.980587	0.016491505461837915
34.000587	0.016477267119484357
34.020588	0.01646264389171252
34.040588	0.01644762848025504
34.060589	0.016432186895448408
34.080589	0.01641631979518667
34.100590	0.016400001691792326
34.120590	0.01638324253788815
34.140591	0.016366025614668028
34.160591	0.01634837104752218
34.180592	0.01633027063859213
34.200592	0.0163117550527891
34.220592	0.01629282388359631
34.240593	0.01627351816866705
34.260593	0.01625384414165474
34.280594	0.016233852520237037
34.300594	0.016213554687832796
34.320595	0.01619300986055475
34.340595	0.016172232840599623
34.360596	0.016151289736532484
34.380596	0.01613019690612206
34.400597	0.01610902540824453
34.420597	0.016087791272027887
34.440598	0.01606656833530968
34.460598	0.01604537050071814
34.480598	0.01602427210401074
34.500599	0.016003283307199724
34.520599	0.015982476678416863
34.540600	0.015961857290896844
34.560600	0.01594149381871422
34.580601	0.01592138522713748
34.600601	0.015901594423755643
34.620602	0.015882113616827717
34.640602	0.015862998428545754
34.660603	0.015844234049382414
34.680603	0.01582586772913827
34.700603	0.015807877763288947
34.720604	0.015790302426970413
34.740604	0.015773113601058632
34.760605	0.01575634049272915
34.780605	0.01573994936176425
34.800606	0.015723960757522432
34.820606	0.015708336365902124
34.840607	0.01569308895723272
34.860607	0.0156781768744028
34.880608	0.015663606394381805
34.900608	0.015649333855523258
34.920609	0.015635360649149766
34.940609	0.015621642477716954
34.960609	0.015608177674007876
34.980610	0.015594922628976562
35.000610	0.015581874549207527
35.020611	0.01556899172686745
35.040611	0.015556272161197812
35.060612	0.015543677089380354
35.080612	0.015531207092578613
35.100613	0.015518827183296313
35.120613	0.015506542077754811
35.140614	0.015494321150197266
35.160614	0.015482174478238752
35.180614	0.015470076124822851
35.200615	0.015458042358964473
35.220615	0.015446051998842482
35.240616	0.015434127894079688
35.260616	0.015422253436820469
35.280617	0.015410457988642077
35.300617	0.015398729111135477
35.320618	0.015387102162290538
35.340618	0.015375568279712587
35.360619	0.015364167893287619
35.380619	0.01535289497591974
35.400620	0.015341793758015674
35.420620	0.015330860206056026
35.440620	0.01532014081486228
35.460621	0.015309632650033378
35.480621	0.015299382766752806
35.500622	0.015289388430293184
35.520622	0.015279695489461948
35.540623	0.015270300549740462
35.560623	0.015261246531279936
35.580624	0.015252528600545028
35.600624	0.015244185173638056
35.620625	0.015236209313049384
35.640625	0.015228633593861113
35.660625	0.015221448450596784
35.680626	0.015214679594020139
35.700626	0.01520831446635317
35.720627	0.015202371259119413
35.740627	0.0151968342279837
35.760628	0.01519171378993823
35.780628	0.015186990992167427
35.800629	0.01518266862789954
35.820629	0.015178724680756053
35.840630	0.015175154858830189
35.860630	0.0151719343813929
35.880630	0.015169052756801759
35.900631	0.015166482874787782
35.920631	0.015164209215278378
35.940632	0.015162202885085624
35.960632	0.015160444716558434
35.980633	0.015158904664314883
36.000633	0.01515756141680455
36.020634	0.015156384460894033
36.040634	0.015155351876212326
36.060635	0.015154433388239744
36.080635	0.015153607943914068
36.100636	0.015152846203683809
36.120636	0.015152129315263177
36.140636	0.015151429529582944
36.160637	0.015150731313840376
36.180637	0.015150009095581514
36.200638	0.015149251509044045
36.220638	0.015148435649992529
36.240639	0.015147554858415098
36.260639	0.015146589274602155
36.280640	0.015145537156854148
36.300640	0.015144381935462095
36.320641	0.01514312667691102
36.340641	0.015141758206499281
36.360641	0.015140283989333626
36.380642	0.015138694206986316
36.400642	0.015137000055054192
36.420643	0.015135194892222906
36.440643	0.01513329277313185
36.460644	0.015131289923844536
36.480644	0.015129202248895813
36.500645	0.01512702841747547
36.520645	0.01512478510861009
36.540646	0.015122472917487641
36.560646	0.015120108228497587
36.580647	0.015117692979127212
36.600647	0.015115242265267009
36.620647	0.01511275874622557
36.640648	0.015110255372028996
36.660648	0.015107734898423382
36.680649	0.015105207458607018
36.700649	0.015102675306856762
36.720650	0.015100145310869015
36.740650	0.015097618684246885
36.760651	0.015095098822982638
36.780651	0.015092585447896075
36.800652	0.015090078523410749
36.820652	0.015087575936519085
36.840652	0.015085074494558443
36.860653	0.01508257003885411
36.880653	0.015080056702097534
36.900654	0.015077528208483399
36.920654	0.015074976667983655
36.940655	0.015072393759999416
36.960655	0.015069770345630553
36.980656	0.015067096270936046
37.000656	0.015064361990691338
37.020657	0.015061555855480342
37.040657	0.015058668769765625
37.060658	0.015055688032800819
37.080658	0.015052605814558662
37.100658	0.015049408886838672
37.120659	0.015046091412014224
37.140659	0.015042640206529298
37.160660	0.015039052022126754
37.180660	0.01503531430552815
37.200661	0.015031426833865593
37.220661	0.015027378247461587
37.240662	0.015023171604298216
37.260662	0.015018797244453954
37.280663	0.015014261574116176
37.300663	0.015009557050362601
37.320663	0.015004693311193374
37.340664	0.014999665232370351
37.360664	0.0149944853989112
37.380665	0.014989151271542697
37.400665	0.014983677953867805
37.420666	0.014978065510719427
37.440666	0.014972331024319488
37.460667	0.014966477032808222
37.480667	0.01496052198253568
37.500668	0.014954470610618595
37.520668	0.014948342077835743
37.540668	0.014942142917730902
37.560669	0.014935892359637047
37.580669	0.014929598226103758
37.600670	0.014923279209310542
37.620670	0.014916943838507486
37.640671	0.014910609734747712
37.660671	0.014904285511590239
37.680672	0.014897987281877816
37.700672	0.01489172311845235
37.720673	0.014885507303370855
37.740673	0.014879346778860332
37.760674	0.01487325379764912
37.780674	0.01486723365227191
37.800674	0.014861296493041179
37.820675	0.01485544554590065
37.840675	0.014849688904949674
37.860676	0.01484402743985012
37.880676	0.01483846734118327
37.900677	0.014833006976948542
37.920677	0.014827650875272201
37.940678	0.01482239490950766
37.960678	0.014817242252846235
37.980679	0.014812186441969261
38.000679	0.01480722964506768
38.020679	0.014802363360221756
38.040680	0.01479758911844624
38.060680	0.014792896797822658
38.080681	0.014788287654433102
38.100681	0.014783750458500406
38.120682	0.014779286526751012
38.140682	0.014774884094562688
38.160683	0.014770544830570973
38.180683	0.014766257032979176
38.200684	0.014762022955813808
38.220684	0.014757831545002775
38.240685	0.014753685806764975
38.260685	0.014749575870645315
38.280685	0.014745505590918745
38.300686	0.014741466734904476
38.320686	0.014737464030010453
38.340687	0.01473349122659656
38.360687	0.014729553883570045
38.380688	0.014725647950809424
38.400688	0.014721779717705599
38.420689	0.014717947409901837
38.440689	0.014714157896663067
38.460690	0.01471041161305212
38.480690	0.01470671581940696
38.500690	0.014703072958028722
38.520691	0.014699490465523005
38.540691	0.014695972468712466
38.560692	0.014692526351872225
38.580692	0.014689157505821062
38.600693	0.014685873031701805
38.620693	0.014682679094556948
38.640694	0.014679582289853754
38.660694	0.01467658903028562
38.680695	0.014673705200344528
38.700695	0.01467093693115894
38.720695	0.014668289215501038
38.740696	0.014665767404694835
38.760696	0.01466337544918245
38.780697	0.014661117484127581
38.800697	0.014658996301068313
38.820698	0.014657014470777687
38.840698	0.014655173545714436
38.860699	0.014653474292124376
38.880699	0.014651916980620615
38.900700	0.014650500453413777
38.920700	0.014649223693774166
38.940701	0.014648083625455445
38.960701	0.014647077975060822
38.980701	0.014646201874835946
39.000702	0.01464545185967206
39.020702	0.014644821507186592
39.040703	0.014644306257218919
39.060703	0.014643898461354405
39.080704	0.01464359258955908
39.100704	0.014643380164084922
39.120705	0.014643254834951071
39.140705	0.014643207732562728
39.160706	0.014643231857312955
39.180706	0.014643318396919224
39.200706	0.014643459887919836
39.220707	0.014643648007225346
39.240707	0.014643875023212276
39.260708	0.014644133489702569
39.280708	0.014644415606452436
39.300709	0.014644715124637234
39.320709	0.014645024372257943
39.340710	0.01464533853306909
39.360710	0.014645650250686086
39.380711	0.01464595627969808
39.400711	0.014646249750322034
39.420712	0.014646529024263439
39.440712	0.01464678786628261
39.460712	0.014647026181349674
39.480713	0.014647238487568832
39.500713	0.014647426077503379
39.520714	0.014647584307105164
39.540714	0.01464771562303264
39.560715	0.01464781626545188
39.580715	0.01464788954231532
39.600716	0.014647932584051558
39.620716	0.01464794922944287
39.640717	0.014647937464668857
39.660717	0.014647901314397905
39.680717	0.014647839547370646
39.700718	0.014647756037827853
39.720718	0.01464765022926756
39.740719	0.014647525539303784
39.760719	0.01464738194994281
39.780720	0.0146472221645684
39.800720	0.014647046547040087
39.820721	0.01464685689186325
39.840721	0.014646653777224588
39.860722	0.014646437966505428
39.880722	0.014646210084344014
39.900723	0.014645969817268657
39.920723	0.01464571767904044
39.940723	0.014645452308866887
39.960724	0.014645173973444961
39.980724	0.014644880363163972
40.000725	0.014644571392205381
40.020725	0.014644243958954924
40.040726	0.014643897558287376
40.060726	0.014643528497624245
40.080727	0.014643135830067402
40.100727	0.01464271550095622
40.120728	0.014642266146418467
40.140728	0.014641783589001263
40.160728	0.014641266119838698
40.180729	0.014640709671149736
40.200729	0.014640112305025797
40.220730	0.014639470273147081
40.240730	0.014638781562249776
40.260731	0.014638042917152693
40.280731	0.014637252431721648
40.300732	0.014636407471261647
40.320732	0.014635506436918825
40.340733	0.014634547389045944
40.360733	0.01463352924124272
40.380733	0.014632450768239103
40.400734	0.01463131159293334
40.420734	0.014630111170047881
40.440735	0.014628850007113019
40.460735	0.014627528155902266
40.480736	0.014626147150271527
40.500736	0.014624707515778964
40.520737	0.014623211910421579
40.540737	0.014621661180504526
40.560738	0.014620059154480078
40.580738	0.01461840682859109
40.600739	0.014616709192111032
40.620739	0.014614967215154527
40.640739	0.014613186981317201
40.660740	0.014611369265380108
40.680740	0.014609521124629257
40.700741	0.01460764298705583
40.720741	0.01460574271512432
40.740742	0.014603820265294847
40.760742	0.01460188409822048
40.780743	0.014599933607336779
40.800743	0.014597977617978155
40.820744	0.014596014906106009
40.840744	0.014594054415458533
40.860744	0.014592094288092564
40.880745	0.014590143341735164
40.900745	0.01458819910440988
40.920746	0.014586270039828889
40.940746	0.014584353114063125
40.960747	0.014582456238712094
40.980747	0.014580575896188634
41.000748	0.014578719289324825
41.020748	0.014576882514066674
41.040749	0.014575071958072084
41.060749	0.014573283438908268
41.080750	0.014571522478383525
41.100750	0.014569784726632921
41.120750	0.014568074846467894
41.140751	0.014566388426920155
41.160751	0.014564729334182076
41.180752	0.014563093191490484
41.200752	0.014561483180664952
41.220753	0.014559895038495516
41.240753	0.014558331415629192
41.260754	0.014556788222564771
41.280754	0.014555267761374698
41.300755	0.014553766155795188
41.320755	0.014552285557917934
41.340755	0.014550822323920428
41.360756	0.014549378656172831
41.380756	0.014547951144014788
41.400757	0.014546542227737332
41.420757	0.014545148715154712
41.440758	0.01454377344623659
41.460758	0.014542413421098457
41.480759	0.01454107200389881
41.500759	0.014539746353742429
41.520760	0.014538440437533677
41.540760	0.014537151537262177
41.560760	0.014535884249697718
41.580761	0.014534635944774986
41.600761	0.014533411822885568
41.620762	0.01453220931137924
41.640762	0.014531034136385946
41.660763	0.014529883758854327
41.680763	0.014528764306341117
41.700764	0.014527673257528682
41.720764	0.014526616978963116
41.740765	0.014525592959304928
41.760765	0.014524607614314382
41.780766	0.014523658442155913
41.800766	0.014522751703199516
41.820766	0.014521884910289226
41.840767	0.014521063962326362
41.860767	0.014520286395479597
41.880768	0.014519557552915225
41.900768	0.014518875003805045
41.920769	0.014518243365445346
41.940769	0.014517660248339696
41.960770	0.014517129408448669
41.980770	0.014516648502543486
42.000771	0.014516220332531056
42.020771	0.01451584260153411
42.040771	0.01451551711255937
42.060772	0.014515241609610234
42.080772	0.014515016901703919
42.100773	0.014514840762843796
42.120773	0.014514713061318837
42.140774	0.01451463158583197
42.160774	0.014514595361029238
42.180775	0.014514602172336724
42.200775	0.014514650334404628
42.220776	0.014514737611053288
42.240776	0.014514861767710198
42.260777	0.014515020530575237
42.280777	0.014515211292841154
42.300777	0.01451543173211819
42.320778	0.01451567905096303
42.340778	0.014515950874974886
42.360779	0.014516244390795392
42.380779	0.014516557178132598
42.400780	0.014516886564961876
42.420780	0.014517230102005316
42.440781	0.014517585389342417
42.460781	0.014517949976717076
42.480782	0.014518321833749686
42.500782	0.01451869854761008
42.520782	0.014519078517255861
42.540783	0.014519459414347888
42.560783	0.014519840087784038
42.580784	0.014520218346767096
42.600784	0.014520593472753815
42.620785	0.01452096346808782
42.640785	0.014521327995202537
42.660786	0.014521685303781343
42.680786	0.014522035357449314
42.700787	0.014522376701877263
42.720787	0.014522709501601285
42.740788	0.014523032637359764
42.760788	0.014523346362631941
42.780788	0.01452364991919317
42.800789	0.01452394353505584
42.820789	0.014524226823133453
42.840790	0.01452449987813
42.860790	0.014524762676616195
42.880791	0.014525015086858429
42.900791	0.0145252574235338
42.920792	0.014525489256786603
42.940792	0.014525711196605248
42.960793	0.014525922469667465
42.980793	0.01452612392335916
43.000793	0.014526314424667617
43.020794	0.014526494988650426
43.040794	0.014526664136052029
43.060795	0.014526822972336996
43.080795	0.014526969713496728
43.100796	0.01452710547554204
43.120796	0.014527228235638675
43.140797	0.01452733904314495
43.160797	0.014527435721524772
43.180798	0.014527519184131152
43.200798	0.014527587198614593
43.220798	0.014527640485536139
43.240799	0.014527676860274882
43.260799	0.01452769681027361
43.280800	0.014527698300588239
43.300800	0.014527681564439301
43.320801	0.014527644810059396
43.340801	0.014527588015970675
43.360802	0.014527509712650986
43.380802	0.014527409644000068
43.400803	0.01452728672266241
43.420803	0.01452714049697133
43.440804	0.014526970299349276
43.460804	0.014526775537628938
43.480804	0.014526555977860947
43.500805	0.014526310954289344
43.520805	0.014526040656970093
43.540806	0.01452574442025537
43.560806	0.014525422827034522
43.580807	0.014525075286656922
43.600807	0.014524702725464855
43.620808	0.014524304698171864
43.640808	0.014523882411427502
43.660809	0.014523435625738905
43.680809	0.01452296575631588
43.700809	0.014522472815237062
43.720810	0.014521958351391138
43.740810	0.014521422655893661
43.760811	0.014520867338645634
43.780811	0.014520292976620526
43.800812	0.01451970117512006
43.820812	0.01451909278232764
43.840813	0.014518469344385231
43.860813	0.014517831945319129
43.880814	0.01451718203150172
43.900814	0.014516520868991625
43.920815	0.014515849779376642
43.940815	0.014515170142133361
43.960815	0.014514483144980493
43.980816	0.014513790202135371
44.000816	0.014513092373370668
44.020817	0.01451239102440284
44.040817	0.014511687105951661
44.060818	0.014510981853283313
44.080818	0.014510276137000082
44.100819	0.014509570987048834
44.120819	0.014508867229356303
44.140820	0.014508165626061258
44.160820	0.01450746699653487
44.180820	0.014506771789426628
44.200821	0.014506080854551802
44.220821	0.01450539430143252
44.240822	0.014504713042743197
44.260822	0.014504036845095932
44.280823	0.014503366708986259
44.300823	0.01450270207645084
44.320824	0.014502044051243314
44.340824	0.014501391789975565
44.360825	0.01450074650442154
44.380825	0.014500107122970295
44.400826	0.014499474959321126
44.420826	0.014498848784871702
44.440826	0.014498229999042185
44.460827	0.014497617296516219
44.480827	0.014497012137687018
44.500828	0.014496413224266091
44.520828	0.014495822046538369
44.540829	0.01449523739467367
44.560829	0.014494660754067417
44.580830	0.014494091076910756
44.600830	0.014493529808040128
44.620831	0.014492976122421806
44.640831	0.014492431390515554
44.660831	0.014491895054025821
44.680832	0.014491368379505369
44.700832	0.014490851099820814
44.720833	0.014490344354309263
44.740833	0.014489848170549862
44.760834	0.014489363544864494
44.780834	0.01448889078237749
44.800835	0.014488430728661598
44.820835	0.014487983930115196
44.840836	0.014487551081702311
44.860836	0.014487132918656153
44.880836	0.014486729992456772
44.900837	0.014486343162591672
44.920837	0.014485972849686066
44.940838	0.014485619965573278
44.960838	0.014485284816245373
44.980839	0.01448496829188699
45.000839	0.014484670601519485
45.020840	0.01448439254288753
45.040840	0.014484134244960464
45.060841	0.014483896350412435
45.080841	0.014483678922325504
45.100842	0.01448348239811085
45.120842	0.014483306784724051
45.140842	0.014483152279863966
45.160843	0.014483018838577366
45.180843	0.01448290640226055
45.200844	0.014482814872199856
45.220844	0.01448274393555863
45.240845	0.014482693432075151
45.260845	0.014482662814865325
45.280846	0.014482651849174747
45.300846	0.014482659790555066
45.320847	0.014482686313010203
45.340847	0.01448273052437497
45.360847	0.014482791988662798
45.380848	0.0144828697253921
45.400848	0.01448296316993065
45.420849	0.014483071318040166
45.440849	0.014483193460074548
45.460850	0.014483328633112778
45.480850	0.01448347597050926
45.500851	0.014483634611692022
45.520851	0.014483803527219785
45.540852	0.014483982011718233
45.560852	0.014484168874694848
45.580853	0.014484363607199732
45.600853	0.014484564867740158
45.620853	0.014484772370888434
45.640854	0.014484984642610091
45.660854	0.014485201632546433
45.680855	0.014485421760398121
45.700855	0.014485645206606638
45.720856	0.014485870317456923
45.740856	0.014486097484982103
45.760857	0.014486325019658814
45.780857	0.01448655349288146
45.800858	0.01448678121943844
45.820858	0.014487008907620147
45.840858	0.01448723491665596
45.860859	0.014487460042456126
45.880859	0.014487682726264937
45.900860	0.014487903799314805
45.920860	0.014488121817461676
45.940861	0.014488337595804002
45.960861	0.014488549830343929
45.980862	0.014488759273081494
46.000862	0.014488964777057555
46.020863	0.014489166991874355
46.040863	0.014489364934917525
46.060863	0.014489559124234986
46.080864	0.014489748739047235
46.100864	0.014489934148456037
46.120865	0.014490114681700451
46.140865	0.014490290553982434
46.160866	0.014490461224651231
46.180866	0.014490626762202686
46.200867	0.01449078672992363
46.220867	0.014490941067744477
46.240868	0.014491089412756482
46.260868	0.01449123160342488
46.280869	0.01449136731915326
46.300869	0.014491496330405756
46.320869	0.01449161832874622
46.340870	0.014491733053479602
46.360870	0.014491840182104785
46.380871	0.014491939459852297
46.400871	0.014492030530131624
46.420872	0.014492113178387594
46.440872	0.014492187001899286
46.460873	0.014492251855105564
46.480873	0.014492307286250452
46.500874	0.014492353239847712
46.520874	0.014492389221768685
46.540874	0.014492415278469508
46.560875	0.014492430889351877
46.580875	0.014492436204723258
46.600876	0.014492430701598422
46.620876	0.014492414626143918
46.640877	0.01449238748353375
46.660877	0.014492349598730142
46.680878	0.014492300539834045
46.700878	0.014492240685982411
46.720879	0.014492169704595034
46.740879	0.014492087998864294
46.760880	0.014491995370788912
46.780880	0.014491892214426948
46.800880	0.014491778497779459
46.820881	0.014491654572106813
46.840881	0.014491520596550293
46.860882	0.014491376847995254
46.880882	0.014491223693568209
46.900883	0.014491061308613117
46.920883	0.014490890275379762
46.940884	0.014490710646831965
46.960884	0.014490523217059978
46.980885	0.014490327903509462
47.000885	0.014490125698446142
47.020885	0.01448991637909983
47.040886	0.014489701112653307
47.060886	0.014489479539931566
47.080887	0.01448925297166082
47.100887	0.014489020923995358
47.120888	0.014488784813771895
47.140888	0.01448854405095751
47.160889	0.01448830011748701
47.180889	0.014488052340723158
47.200890	0.014487802225824738
47.220890	0.014487549044250812
47.240891	0.014487294284402428
47.260891	0.014487037189506944
47.280891	0.01448677919570533
47.300892	0.014486519544500278
47.320892	0.014486259590979385
47.340893	0.014485998598305488
47.360893	0.014485737820140518
47.380894	0.014485476559940343
47.400894	0.014485215959061933
47.420895	0.014484955373953159
47.440895	0.014484695832639229
47.460896	0.014484436750669573
47.480896	0.014484179051191632
47.500896	0.01448392220828332
47.520897	0.014483667057081782
47.540897	0.01448341312339604
47.560898	0.014483161177957858
47.580898	0.014482910786240895
47.600899	0.014482662682761206
47.620899	0.014482416456680577
47.640900	0.014482172836609167
47.660900	0.014481931417150169
47.680901	0.014481692950849459
47.700901	0.01448145701901217
47.720901	0.014481224424974097
47.740902	0.014480994719276184
47.760902	0.01448076877764805
47.780903	0.014480546105282356
47.800903	0.014480327664814227
47.820904	0.014480112905708912
47.840904	0.014479902883638115
47.860905	0.014479696987099897
47.880905	0.014479496361906484
47.900906	0.014479300335965927
47.920906	0.014479110133343779
47.940907	0.014478925027343359
47.960907	0.01447874630011294
47.980907	0.01447857318146015
48.000908	0.0144784069844803
48.020908	0.014478246910808087
48.040909	0.014478094272209557
48.060909	0.014477948260430423
48.080910	0.014477810150680549
48.100910	0.014477679144577035
48.120911	0.014477556444985546
48.140911	0.014477441283041244
48.160912	0.014477334755327868
48.180912	0.014477236140470614
48.200912	0.01447714639894082
48.220913	0.014477064871746473
48.240913	0.01447699235946397
48.260914	0.014476928276165995
48.280914	0.014476873246287186
48.300915	0.014476826762665419
48.320915	0.014476789265818675
48.340916	0.014476760327720549
48.360916	0.014476740205995165
48.380917	0.014476728546888976
48.400917	0.014476725434658182
48.420918	0.014476730580255243
48.440918	0.014476743911716584
48.460918	0.014476765191344108
48.480919	0.014476794214335039
48.500919	0.014476830778415035
48.520920	0.014476874573769885
48.540920	0.014476925416477443
48.560921	0.014476982921946475
48.580921	0.014477046907897662
48.600922	0.014477116945463156
48.620922	0.014477192839127705
48.640923	0.01447727414443224
48.660923	0.01447736064088577
48.680923	0.014477451893438485
48.700924	0.014477547649065095
48.720924	0.014477647501913302
48.740925	0.014477751163738256
48.760925	0.014477858271379752
48.780926	0.014477968503848289
48.800926	0.014478081547308046
48.820927	0.014478197055519629
48.840927	0.014478314763712622
48.860928	0.014478434312356573
48.880928	0.014478555479093335
48.900928	0.014478677906599194
48.920929	0.014478801402849977
48.940929	0.014478925630545285
48.960930	0.014479050411845709
48.980930	0.01447917544819242
49.000931	0.014479300557335017
49.020931	0.014479425497575445
49.040932	0.014479550062973183
49.060932	0.014479674084745207
49.080933	0.01447979731506197
49.100933	0.01447991967073006
49.120934	0.0144800408465401
49.140934	0.014480160853123094
49.160934	0.014480279316478268
49.180935	0.01448039634413299
49.200935	0.014480511486979427
49.220936	0.014480624947019788
49.240936	0.014480736199411313
49.260937	0.014480845532804244
49.280937	0.014480952351813665
49.300938	0.014481057019002942
49.320938	0.014481158879134122
49.340939	0.014481258351908272
49.360939	0.014481354737673433
49.380939	0.014481448493621653
49.400940	0.014481538894775986
49.420940	0.014481626414680938
49.440941	0.014481710324412703
49.460941	0.014481791092720775
49.480942	0.014481868008890661
49.500942	0.014481941517192603
49.520943	0.01448201094651425
49.540943	0.014482076699774131
49.560944	0.014482138164638184
49.580944	0.014482195689736094
49.600945	0.01448224873721548
49.620945	0.014482297593229958
49.640945	0.014482341805671688
49.660946	0.014482381595226976
49.680946	0.01448241660174239
49.700947	0.01448244698268939
49.720947	0.014482472470805705
49.740948	0.014482493167493959
49.760948	0.014482508894225438
49.780949	0.014482519707656991
49.800949	0.014482525509294755
49.820950	0.014482526325525562
49.840950	0.014482522125525525
49.860950	0.014482512921790695
49.880951	0.014482498736255442
49.900951	0.014482479584431971
49.920952	0.014482455524826179
49.940952	0.014482426592005312
49.960953	0.01448239286490545
49.980953	0.014482354411012994
50.000954	0.01448231131486336
50.020954	0.014482263687432047
50.040955	0.014482211606447309
50.060955	0.014482155232802111
50.080956	0.014482094628314174
50.100956	0.014482030005567493
50.120956	0.014481961405251433
50.140957	0.014481889088616024
50.160957	0.014481813074138478
50.180958	0.014481733664144906
50.200958	0.014481650857853969
50.220959	0.014481564987101264
50.240959	0.014481476038414657
50.260960	0.014481384358489812
50.280960	0.014481289930636736
50.300961	0.014481193099807152
50.320961	0.014481093857541007
50.340961	0.014480992529760208
50.360962	0.014480889128584886
50.380962	0.014480783944258328
50.400963	0.014480677021607585
50.420963	0.01448056860044861
50.440964	0.014480458769131226
50.460964	0.014480347705306493
50.480965	0.014480235549387443
50.500965	0.014480122409010513
50.520966	0.014480008482150399
50.540966	0.0144798938030439
50.560966	0.014479778629172005
50.580967	0.014479662922688463
50.600967	0.014479546998749296
50.620968	0.014479430753325813
50.640968	0.014479314553721746
50.660969	0.014479198239751584
50.680969	0.014479082222012246
50.700970	0.014478966297550125
50.720970	0.014478850908696812
50.740971	0.014478735825478562
50.760971	0.014478621508522303
50.780972	0.014478507717774917
50.800972	0.014478394917792193
50.820972	0.014478282875335586
50.840973	0.014478172044602486
50.860973	0.014478062214798571
50.880974	0.014477953816533063
50.900974	0.01447784667471617
50.920975	0.014477741185070924
50.940975	0.014477637218192781
50.960976	0.0144775351262545
50.980976	0.014477434831588063
51.000977	0.014477336637265463
51.020977	0.014477240519131681
51.040977	0.014477146728944358
51.060978	0.014477055293544913
51.080978	0.01447696641445492
51.100979	0.014476880163006297
51.120979	0.014476796694551661
51.140980	0.014476716115016214
51.160980	0.01447663854010808
51.180981	0.014476564097899498
51.200981	0.014476492872723812
51.220982	0.014476425000824094
51.240982	0.01447636054434281
51.260983	0.014476299633302943
51.280983	0.014476242316873753
51.300983	0.01447618870517898
51.320984	0.014476138842808609
51.340984	0.014476092808071559
51.360985	0.014476050647783912
51.380985	0.014476012399187202
51.400986	0.014475978115928835
51.420986	0.014475947788275169
51.440987	0.014475921478699324
51.460987	0.014475899128345996
51.480988	0.014475880807718638
51.500988	0.014475866410579932
51.520988	0.01447585601194237
51.540989	0.014475849463641773
51.560989	0.01447584683925169
51.580990	0.014475847957403469
51.600990	0.014475852882364495
51.620991	0.014475861410865248
51.640991	0.014475873588752793
51.660992	0.014475889203873885
51.680992	0.014475908274075383
51.700993	0.01447593059207067
51.720993	0.01447595613848712
51.740993	0.014475984724371706
51.760994	0.014476016285077832
51.780994	0.01447605066219406
51.800995	0.014476087739627696
51.820995	0.014476127399596367
51.840996	0.014476169470845273
51.860996	0.014476213883503265
51.880997	0.014476260410278347
51.900997	0.014476309033226442
51.920998	0.014476359471151211
51.940998	0.01447641175857873
51.960999	0.014476465565484374
51.980999	0.014476520975992198
52.000999	0.014476577618979976
52.021000	0.014476635622193017
52.041000	0.014476694583306969
52.061001	0.014476754665141825
52.081001	0.014476815445579822
52.101002	0.014476877112111682
52.121002	0.014476939234986795
52.141003	0.014477002014936555
52.161003	0.014477065026677827
52.181004	0.014477128472610987
52.201004	0.014477191943161064
52.221004	0.01447725563155174
52.241005	0.014477319153571993
52.261005	0.014477382683934756
52.281006	0.014477445871267258
52.301006	0.01447750886459401
52.321007	0.014477571350250207
52.341007	0.01447763344700853
52.361008	0.014477694880958026
52.381008	0.01447775573891058
52.401009	0.01447781578592996
52.421009	0.014477875078022165
52.441010	0.014477933415835234
52.461010	0.014477990828371956
52.481010	0.014478047146272533
52.501011	0.014478102377566809
52.521011	0.014478156375664455
52.541012	0.014478209135294417
52.561012	0.01447826052446804
52.581013	0.014478310533225174
52.601013	0.014478359035811529
52.621014	0.014478406026368646
52.641014	0.01447845137755636
52.661015	0.01447849509582931
52.681015	0.014478537045677906
52.701015	0.014478577252805063
52.721016	0.0144786155687646
52.741016	0.014478652043585352
52.761017	0.014478686513359167
52.781017	0.014478719055238143
52.801018	0.014478749489809152
52.821018	0.014478777921630477
52.841019	0.014478804158261978
52.861019	0.014478828329406081
52.881020	0.014478850234430738
52.901020	0.014478870023547162
52.921021	0.01447888749477228
52.941021	0.01447890281217421
52.961021	0.014478915780755768
52.981022	0.014478926570284335
53.001022	0.014478935001954808
53.021023	0.014478941242192497
53.041023	0.014478945137765865
53.061024	0.014478946842516226
53.081024	0.014478946237635154
53.101025	0.014478943455627202
53.121025	0.01447893841975935
53.141026	0.014478931233578641
53.161026	0.014478921868309342
53.181026	0.014478910392599032
53.201027	0.014478896829303338
53.221027	0.014478881208317272
53.241028	0.014478863605323715
53.261028	0.014478844009945296
53.281029	0.014478822549326172
53.301029	0.014478799173692313
53.321030	0.01447877405782792
53.341030	0.014478747115713078
53.361031	0.014478718563781813
53.381031	0.014478688284903814
53.401031	0.01447865652944589
53.421032	0.014478623155852275
53.441032	0.014478588439540922
53.461033	0.014478552222222612
53.481033	0.014478514794957912
53.501034	0.014478475990817098
53.521034	0.014478436107230933
53.541035	0.014478394976502289
53.561035	0.014478352893934314
53.581036	0.01447830969812805
53.601036	0.014478265675100353
53.621037	0.01447822067549961
53.641037	0.014478174970686479
53.661037	0.014478128427396781
53.681038	0.014478081299055492
53.701038	0.014478033470569071
53.721039	0.014477985176371076
53.741039	0.014477936319577776
53.761040	0.014477887116757057
53.781040	0.014477837487307556
53.801041	0.014477787633026578
53.821041	0.014477737485933298
53.841042	0.014477687237756895
53.861042	0.014477636828106072
53.881042	0.014477586444469432
53.901043	0.014477536028112676
53.921043	0.01447748576867368
53.941044	0.014477435602771066
53.961044	0.01447738572854547
53.981045	0.014477336071843353
54.001045	0.014477286845037211
54.021046	0.01447723795778139
54.041046	0.014477189641253769
54.061047	0.014477141784662919
54.081047	0.01447709464097502
54.101048	0.014477048076226589
54.121048	0.014477002366258552
54.141048	0.014476957352969914
54.161049	0.014476913334111679
54.181049	0.014476870128331173
54.201050	0.014476828052279395
54.221050	0.014476786904031248
54.241051	0.014476747014247173
54.261051	0.01447670816470342
54.281052	0.014476670693607203
54.301052	0.014476634371982251
54.321053	0.014476599537975471
54.341053	0.014476565958258624
54.361053	0.01447653396267876
54.381054	0.014476503320331393
54.401054	0.014476474344448721
54.421055	0.014476446813199257
54.441055	0.0144764210153686
54.461056	0.014476396744236205
54.481056	0.014476374257311757
54.501057	0.014476353367982699
54.521057	0.014476334297095899
54.541058	0.014476316881761556
54.561058	0.01447630130254908
54.581059	0.014476287422295463
54.601059	0.014476275379647041
54.621059	0.014476265063462331
54.641060	0.014476256570838801
54.661060	0.014476249815278642
54.681061	0.014476244854628798
54.701061	0.014476241624151483
54.721062	0.014476240146433303
54.741062	0.014476240374389123
54.761063	0.014476242300678815
54.781063	0.01447624589091153
54.801064	0.014476251114061577
54.821064	0.014476257943056405
54.841064	0.014476266329844886
54.861065	0.014476276249337495
54.881065	0.014476287643033936
54.901066	0.014476300482980039
54.921066	0.014476314706239883
54.941067	0.014476330278034896
54.961067	0.01447634713602557
54.981068	0.01447636523586014
55.001068	0.014476384519517457
55.021069	0.014476404931755052
55.041069	0.014476426421067305
55.061069	0.0144764489215378
55.081070	0.01447647238876071
55.101070	0.014476496747874027
55.121071	0.014476521960586347
55.141071	0.014476547946186245
55.161072	0.014476574670108856
55.181072	0.014476602050004422
55.201073	0.01447663005152015
55.221073	0.014476658595652983
55.241074	0.01447668764398125
55.261074	0.01447671712620677
55.281075	0.01447674699520619
55.301075	0.014476777194687915
55.321075	0.01447680766427774
55.341076	0.014476838366512295
55.361076	0.014476869223722471
55.381077	0.014476900221229733
55.401077	0.01447693126090607
55.421078	0.014476962353632016
55.441078	0.014476993378836888
55.461079	0.014477024374327165
55.481079	0.01447705519648843
55.501080	0.0144770859098958
55.521080	0.014477116348764075
55.541080	0.014477146602755269
55.561081	0.01447717648623477
55.581081	0.01447720611085975
55.601082	0.014477235274777839
55.621082	0.014477264107359191
55.641083	0.01447729239523679
55.661083	0.01447732028032752
55.681084	0.014477347543205985
55.701084	0.014477374332653586
55.721085	0.014477400429023355
55.741085	0.01447742598216482
55.761086	0.01447745077802969
55.781086	0.014477474962028818
55.801086	0.014477498331125676
55.821087	0.014477521021450246
55.841087	0.014477542845630097
55.861088	0.014477563926654438
55.881088	0.014477584096415983
55.901089	0.014477603462123168
55.921089	0.014477621877277169
55.941090	0.014477639432026101
55.961090	0.01447765600245766
55.981091	0.014477671661774374
56.001091	0.01447768630826068
56.021091	0.014477699999610004
56.041092	0.014477712654645971
56.061092	0.014477724318138587
56.081093	0.014477734926719096
56.101093	0.01447774451571245
56.121094	0.014477753036021569
56.141094	0.01447776051757759
56.161095	0.014477766921538328
56.181095	0.014477772276708335
56.201096	0.014477776550353767
56.221096	0.014477779774270241
56.241096	0.014477781917906392
56.261097	0.014477783019670813
56.281097	0.0144777830478125
56.301098	0.01447778205017962
56.321098	0.014477779991253527
56.341099	0.014477776930122106
56.361099	0.014477772825943378
56.381100	0.014477767749673388
56.401100	0.014477761654714693
56.421101	0.01447775462329865
56.441101	0.014477746603781497
56.461102	0.014477737687903832
56.481102	0.014477727820750652
56.501102	0.014477717100773354
56.521103	0.014477705472465323
56.541103	0.014477693037379183
56.561104	0.014477679742768293
56.581104	0.014477665689148855
56.601105	0.014477650830272897
56.621105	0.014477635261276732
56.641106	0.014477618946223271
56.661106	0.014477601970655046
56.681107	0.014477584312514516
56.701107	0.014477566043988907
56.721107	0.014477547159929108
56.741108	0.01447752771614276
56.761108	0.014477507726626487
56.781109	0.014477487228747164
56.801109	0.014477466256903649
56.821110	0.014477444829073944
56.841110	0.014477423000222851
56.861111	0.014477400769167785
56.881111	0.014477378210482611
56.901112	0.014477355305202187
56.921112	0.014477332145489642
56.941113	0.014477308697011776
56.961113	0.014477285066574901
56.981113	0.014477261207738288
57.001114	0.014477237238284256
57.021114	0.014477213103519756
57.041115	0.01447718892806985
57.061115	0.014477164653146924
57.081116	0.014477140405905198
57.101116	0.014477116127612722
57.121117	0.014477091943752095
57.141117	0.014477067799486043
57.161118	0.014477043814815859
57.181118	0.014477019942052189
57.201118	0.014476996292538366
57.221119	0.014476972828176555
57.241119	0.014476949649296106
57.261120	0.01447692672886656
57.281120	0.014476904154788294
57.301121	0.014476881911525928
57.321121	0.014476860074121906
57.341122	0.01447683863791743
57.361122	0.014476817665621039
57.381123	0.014476797161868532
57.401123	0.014476777178406548
57.421124	0.014476757726775332
57.441124	0.0144767388498105
57.461124	0.014476720562974197
57.481125	0.014476702902703063
57.501125	0.01447668588506368
57.521126	0.014476669542819268
57.541126	0.014476653889267303
57.561127	0.014476638956178355
57.581127	0.014476624750930218
57.601128	0.014476611306688822
57.621128	0.014476598622241463
57.641129	0.014476586734026934
57.661129	0.014476575630266678
57.681129	0.014476565351867953
57.701130	0.014476555875364804
57.721130	0.014476547246535269
57.741131	0.014476539430048035
57.761131	0.014476532476116763
57.781132	0.014476526338326027
57.801132	0.014476521070078664
57.821133	0.014476516615556507
57.841133	0.014476513029386937
57.861134	0.01447651024880338
57.881134	0.014476508327126904
57.901134	0.014476507197684466
57.921135	0.014476506909591833
57.941135	0.014476507395671547
57.961136	0.014476508697794977
57.981136	0.014476510751790083
58.001137	0.014476513589344249
58.021137	0.014476517152652142
58.041138	0.014476521460609112
58.061138	0.014476526464747374
58.081139	0.014476532169100643
58.101139	0.014476538536911084
58.121140	0.014476545555984483
58.141140	0.014476553202887219
58.161140	0.014476561448645925
58.181141	0.014476570283907489
58.201141	0.01447657966323241
58.221142	0.014476589591213219
58.241142	0.01447660000710584
58.261143	0.014476610928456774
58.281143	0.014476622281148448
58.301144	0.014476634093930898
58.321144	0.01447664628187833
58.341145	0.0144766588825878
58.361145	0.0144766718033441
58.381145	0.014476685087823755
58.401146	0.014476698638782872
58.421146	0.014476712503019563
58.441147	0.014476726582038092
58.461147	0.014476740922839413
58.481148	0.014476755428746626
58.501148	0.014476770144303654
58.521149	0.014476784977314344
58.541149	0.014476799967658766
58.561150	0.014476815029707891
58.581150	0.014476830197076702
58.601151	0.014476845392094932
58.621151	0.014476860641218479
58.641151	0.014476875875369152
58.661152	0.01447689111369962
58.681152	0.01447690629559521
58.701153	0.014476921433493382
58.721153	0.014476936474407861
58.741154	0.014476951425305116
58.761154	0.014476966239394444
58.781155	0.014476980919945289
58.801155	0.01447699542448493
58.821156	0.01447700975472264
58.841156	0.014477023870366323
58.861156	0.014477037773871932
58.881157	0.014477051424931602
58.901157	0.01447706482902198
58.921158	0.014477077943765848
58.941158	0.014477090779703904
58.961159	0.014477103290665415
58.981159	0.014477115493891643
59.001160	0.014477127338180466
59.021160	0.014477138848561897
59.041161	0.014477149968166597
59.061161	0.014477160730256653
59.081161	0.014477171072327804
59.101162	0.014477181035628641
59.121162	0.014477190552732007
59.141163	0.014477199671949438
59.161163	0.014477208322280121
59.181164	0.014477216557560684
59.201164	0.014477224305110536
59.221165	0.014477231622250926
59.241165	0.014477238436924467
59.261166	0.014477244807543642
59.281166	0.014477250665220024
59.301167	0.014477256066886697
59.321167	0.014477260949428066
59.341167	0.014477265365737516
59.361168	0.01447726926094634
59.381168	0.014477272681543309
59.401169	0.014477275583073745
59.421169	0.014477278003620106
59.441170	0.014477279910849671
59.461170	0.01447728133293865
59.481171	0.014477282250807997
59.501171	0.014477282681827956
59.521172	0.014477282620656787
59.541172	0.014477282073610643
59.561172	0.014477281048897356
59.581173	0.014477279542184304
59.601173	0.014477277574396721
59.621174	0.014477275131564347
59.641174	0.01447727224592748
59.661175	0.014477268895402599
59.681175	0.014477265121687788
59.701176	0.014477260896494475
59.721176	0.014477256268812307
59.741177	0.014477251206284477
59.761177	0.01447724576288289
59.781178	0.014477239904378197
59.801178	0.014477233687443965
59.821178	0.014477227078063794
59.841179	0.014477220133525875
59.861179	0.014477212821844557
59.881180	0.01447720519917472
59.901180	0.014477197236979567
59.921181	0.014477188988986181
59.941181	0.014477180431027154
59.961182	0.014477171613636961
59.981182	0.014477162517383783
